     1   6    7   50  0.000010     1.40000   
     1   4    0      (0.0800,0.3700)   0.0140   1.0000
     1   6    0      (0.1230,0.5180)   0.0200   1.0000
     2   3    0      (0.7230,1.0500)   0.0000   1.0000
     2   5    0      (0.2820,0.6400)   0.0000   1.0000
     3   4    1      (0.0000,0.1330)   0.9090   1.0000
     4   6    0      (0.0970,0.4070)   0.0152   1.0000
     5   6    1      (0.0000,0.3000)   0.9760   1.0000
   'B1'  2    1.050   0.000  0.000  0.000  0.000  0.200  -0.200
   'B2'  1    1.020   0.500  0.000  0.000  0.000  0.500   0.065   
   'B3'  0    1.000   0.000  0.000  0.550  0.130  0.000   0.000
   'B4'  0    1.000   0.000  0.000  0.000  0.000  0.000   0.000
   'B5'  0    1.000   0.000  0.000  0.300  0.180  0.000   0.000
   'B6'  0    1.000   0.000  0.000  0.500  0.050  0.000   0.000    
     
